0.03979584068979521
0.03091482170644872
0.04132097872851045
0.039632422255446026
0.04042869281227113
0.04132097872851045
0.04132097872851045
0.039128764103161046
0.03156433542688918
0.03557936817678888
0.03708323394916952
0.042018221372758346
0.032181359565901575
0.046513389081129675
0.04241840493180962
0.029123578929542787
0.04241840493180962
0.029871560143245886
0.038055225441530366
0.037481265609476754
0.037481265609476754
0.037481265609476754
0.037481265609476754
0.037481265609476754
0.03386641641862834
0.04241840493180962
0.04146361513121075
0.04146361513121075
0.04146361513121075
0.04563522246235081
0.0343805704553555
0.0343805704553555
0.04146361513121075
0.04146361513121075
0.03511373135326134
0.04532803867592418
0.04146361513121075
0.04146361513121075
0.04146361513121075
0.0343805704553555
0.0343805704553555
0.04146361513121075
0.02450064434153995
0.0270273796636076
0.03247867302266763
0.027909034031220345
0.04146361513121075
0.04146361513121075
0.04146361513121075
0.04146361513121075
0.04146361513121075
0.04532803867592418
0.04146361513121075
0.049655872290161183
0.04241840493180962
0.04241840493180962
0.04898068132545241
0.03412617151635191
0.026561742840080057
0.04354651206548785
0.04573594066589199
0.04573594066589199
0.03767556744272407
0.04593494355136524
0.0250490862504998
0.04215306327686237
0.04215306327686237
0.03412617151635191
0.04215306327686237
0.04215306327686237
0.0346298296686369
0.03624644476342306
0.03412617151635191
0.04011632394007047
0.033601074763681085
0.04215306327686237
0.044131356689970175
0.0346298296686369
0.04215306327686237
0.03511373135326134
0.026561742840080057
0.04573594066589199
0.0346298296686369
0.03156433542688918
0.049285336592264146
0.04724473864358225
0.04522392066210584
0.042806015178018325
0.03624644476342306
0.03386641641862834
0.03386641641862834
0.0458358433284726
0.03511373135326134
0.04801879873281129
0.04632357131531957
0.036879296885898964
0.05233577541857725
0.0213195716300646
0.04305781802833949
0.043665719866442625
0.04088290035159301
0.04715565586367149
0.04913394927677928
0.056189826611761154
0.0343805704553555
0.028327308372717682
0.04330458448246144
0.015948655828358662
0.04088290035159301
0.04715565586367149
0.041744034279685024
0.04088290035159301
0.041744034279685024
0.037481265609476754
0.04088290035159301
0.04088290035159301
0.04088290035159301
0.03646102254440163
0.028327308372717682
0.04215306327686237
0.025574183003170627
0.04378378690539597
0.04132097872851045
0.042548966059342275
0.041744034279685024
0.04715565586367149
0.03412617151635191
0.022024787076798467
0.05912219839912091
0.051035846709467175
0.0346298296686369
0.03412617151635191
0.039632422255446026
0.0343805704553555
0.049285336592264146
0.05515920246789294
0.047420997518618745
0.04073334807908286
0.051856572995642725
0.051856572995642725
0.042806015178018325
0.03602806894903979
0.042548966059342275
0.04132097872851045
0.04759477379162108
0.04759477379162108
0.04532803867592418
0.044469402806439136
0.05008630820131518
0.038055225441530366
0.05135800369119961
0.043665719866442625
0.04776613642712997
0.04228644740210043
0.033601074763681085
0.0250490862504998
0.03708323394916952
0.03667193214892455
0.03276899021532917
0.03580575822426829
0.04424507096422227
0.04318181818181818
0.04697553716960845
0.0481018826253487
0.03332990095952681
0.04160462136790252
0.0481018826253487
0.04697553716960845
0.04160462136790252
-0.005084375123182352
0.04882548542484155
0.039298944889785685
0.04330458448246144
0.04117667402597423
0.046513389081129675
0.046130787527157865
0.04522392066210584
0.044469402806439136
0.04160462136790252
0.015948655828358662
0.04088290035159301
0.0378668567228084
0.037481265609476754
0.04042869281227113
0.04042869281227113
0.042806015178018325
0.0446897285080517
0.04543128539908025
0.039298944889785685
0.04027349691166027
0.04241840493180962
0.03557936817678888
0.038055225441530366
0.04188188947270809
0.039298944889785685
0.03667193214892455
0.04543128539908025
0.043426141243236294
0.043426141243236294
0.043426141243236294
0.043426141243236294
0.046513389081129675
0.04390073480865825
0.046513389081129675
0.043426141243236294
0.04390073480865825
0.040581960763598005
0.043426141243236294
0.04715565586367149
0.043426141243236294
0.04785093340296697
0.0205715904163615
0.03878119431858684
0.03708323394916952
0.03878119431858684
0.03708323394916952
0.03878119431858684
0.03878119431858684
0.03534874629547696
0.03708323394916952
0.046418845235989686
0.046418845235989686
0.0346298296686369
0.0451189165268796
0.03276899021532917
0.036879296885898964
0.031243852176613924
0.04042869281227113
0.0343805704553555
0.04011632394007047
0.04435774673744958
0.03276899021532917
0.03247867302266763
0.018924091922677216
0.045533675293080965
0.042806015178018325
0.045533675293080965
0.044469402806439136
0.03842354865642717
0.041744034279685024
0.0346298296686369
0.03602806894903979
0.03187670429908984
0.03602806894903979
0.0346298296686369
0.03412617151635191
0.014772727272727274
0.0378668567228084
0.04117667402597423
0.03511373135326134
0.04305781802833949
0.026077841155455618
0.039128764103161046
0.03602806894903979
0.03156433542688918
0.025574183003170627
0.03708323394916952
0.03842354865642717
0.04188188947270809
0.03247867302266763
0.037481265609476754
0.04479843327660434
0.0458358433284726
0.04160462136790252
0.04378378690539597
0.02332471578590856
0.032181359565901575
0.023926684509486346
0.036879296885898964
0.023926684509486346
0.04679274995354568
0.0458358433284726
0.04241840493180962
0.04088290035159301
0.042548966059342275
0.03667193214892455
0.03667193214892455
0.03667193214892455
0.022024787076798467
0.03667193214892455
0.039298944889785685
0.044469402806439136
0.027909034031220345
0.027909034031220345
0.04088290035159301
0.0495826500490302
0.03511373135326134
0.04622755595590536
0.04622755595590536
0.0346298296686369
0.04522392066210584
0.023926684509486346
0.03247867302266763
0.0250490862504998
0.032181359565901575
0.03979584068979521
0.03767556744272407
0.037283854815291305
0.037283854815291305
0.037283854815291305
0.04228644740210043
0.030229205805405557
0.03995712287421824
0.051856572995642725
0.046418845235989686
0.010372103409495933
0.02450064434153995
0.028327308372717682
0.028327308372717682
0.025574183003170627
0.047420997518618745
0.03557936817678888
0.04088290035159301
0.04042869281227113
0.04011632394007047
0.0346298296686369
0.0346298296686369
0.04088290035159301
0.0346298296686369
0.04042869281227113
0.0270273796636076
0.04011632394007047
0.03557936817678888
0.013472798563617184
0.03580575822426829
0.04088290035159301
0.03580575822426829
0.03767556744272407
0.0250490862504998
0.042548966059342275
0.03557936817678888
0.03946681021963001
0.03511373135326134
0.039128764103161046
0.03946681021963001
0.039128764103161046
0.03511373135326134
0.0458358433284726
0.03979584068979521
0.04890332739546737
0.04890332739546737
0.0483478292029765
0.04913394927677928
0.045013011057582916
0.04293255896853679
0.039128764103161046
0.046130787527157865
0.04424507096422227
0.037283854815291305
0.04305781802833949
0.04073334807908286
0.015948655828358662
0.039298944889785685
0.0270273796636076
0.03487415273005501
0.03580575822426829
0.04228644740210043
0.026077841155455618
0.05043387798588938
0.032181359565901575
0.0346298296686369
0.028731866302110023
0.023926684509486346
0.0378668567228084
0.03767556744272407
0.03534874629547696
0.03979584068979521
0.032181359565901575
0.026561742840080057
0.03276899021532917
0.04688448205951722
0.03842354865642717
0.04688448205951722
0.03305263285472124
0.030229205805405557
0.04785093340296697
0.029871560143245886
0.037481265609476754
0.03557936817678888
0.030229205805405557
0.046513389081129675
0.029871560143245886
0.029871560143245886
0.04378378690539597
0.03386641641862834
0.032181359565901575
0.03386641641862834
0.033601074763681085
0.04117667402597423
0.032181359565901575
0.032181359565901575
0.03091482170644872
0.04103066153584892
0.03767556744272407
0.05116572066044681
0.043426141243236294
0.04401658459332983
0.02332471578590856
0.041744034279685024
0.041744034279685024
0.041744034279685024
0.039632422255446026
0.040581960763598005
0.04132097872851045
0.04776613642712997
0.039298944889785685
0.032181359565901575
0.0541872109755321
0.037283854815291305
0.013472798563617184
0.03534874629547696
0.033601074763681085
0.033601074763681085
0.033601074763681085
0.052626092611238795
0.03767556744272407
0.03767556744272407
0.03646102254440163
0.03646102254440163
0.032181359565901575
0.04228644740210043
0.04898068132545241
0.0270273796636076
0.042548966059342275
0.042548966059342275
0.042548966059342275
0.042548966059342275
0.042548966059342275
0.042548966059342275
0.042548966059342275
0.02269186366343264
0.03842354865642717
0.03332990095952681
0.03386641641862834
0.03187670429908984
0.0495089906576018
0.027909034031220345
0.03386641641862834
0.03187670429908984
0.04103066153584892
0.036879296885898964
0.027909034031220345
0.027909034031220345
0.039632422255446026
0.049057553296359364
0.03708323394916952
0.04132097872851045
0.026561742840080057
0.04117667402597423
0.04027349691166027
0.04117667402597423
0.04117667402597423
0.04088290035159301
0.04088290035159301
0.04088290035159301
0.04088290035159301
0.03156433542688918
0.03156433542688918
0.03156433542688918
0.04088290035159301
0.023926684509486346
0.04088290035159301
0.033601074763681085
0.0346298296686369
0.038240761440364396
0.03708323394916952
0.042548966059342275
0.04543128539908025
0.02332471578590856
0.03412617151635191
0.043426141243236294
0.04215306327686237
0.03860366735049021
0.03860366735049021
0.03860366735049021
0.04215306327686237
0.03156433542688918
0.014772727272727274
0.03332990095952681
0.04424507096422227
0.044469402806439136
0.046130787527157865
0.04027349691166027
0.04305781802833949
0.03332990095952681
0.03276899021532917
0.03156433542688918
0.04188188947270809
0.04088290035159301
0.047420997518618745
0.04293255896853679
0.0270273796636076
0.0270273796636076
0.027476080435858502
0.015948655828358662
0.02332471578590856
0.0343805704553555
0.03946681021963001
0.04330458448246144
0.044469402806439136
0.03624644476342306
0.03624644476342306
0.03624644476342306
0.03624644476342306
0.028731866302110023
0.044131356689970175
0.03767556744272407
0.028731866302110023
0.04378378690539597
0.04490618864640943
0.0458358433284726
0.04027349691166027
0.03091482170644872
0.03247867302266763
0.03487415273005501
0.0426781600295332
0.032181359565901575
0.0343805704553555
0.04241840493180962
0.026561742840080057
0.027476080435858502
0.051671962398003035
0.012019601903180216
0.046418845235989686
0.04027349691166027
0.030229205805405557
0.03860366735049021
0.03708323394916952
0.029123578929542787
0.012019601903180216
0.029871560143245886
0.03156433542688918
0.03091482170644872
0.04228644740210043
0.04042869281227113
0.03979584068979521
0.03979584068979521
0.04160462136790252
0.038240761440364396
0.03412617151635191
0.03624644476342306
0.0270273796636076
0.03386641641862834
0.038240761440364396
0.03511373135326134
0.04241840493180962
0.03511373135326134
0.04132097872851045
0.04011632394007047
0.037481265609476754
0.03995712287421824
0.03534874629547696
0.0378668567228084
0.04117667402597423
0.0378668567228084
0.04117667402597423
0.037481265609476754
0.037481265609476754
0.04117667402597423
0.037481265609476754
0.03995712287421824
0.03412617151635191
0.03946681021963001
0.03487415273005501
0.0346298296686369
0.0346298296686369
0.037283854815291305
0.02950323692834908
0.04042869281227113
0.031243852176613924
0.027476080435858502
0.04132097872851045
0.03386641641862834
0.04679274995354568
0.040581960763598005
0.0378668567228084
0.0426781600295332
0.03156433542688918
0.047420997518618745
0.04573594066589199
0.04146361513121075
0.04188188947270809
0.04188188947270809
0.029123578929542787
0.045533675293080965
0.03557936817678888
0.04401658459332983
0.03979584068979521
0.03979584068979521
0.04401658459332983
0.03979584068979521
0.03979584068979521
0.03979584068979521
0.03979584068979521
0.03979584068979521
0.03979584068979521
0.03979584068979521
0.03557936817678888
0.03979584068979521
0.03946681021963001
0.030576775589979757
0.031243852176613924
0.03767556744272407
0.0378668567228084
0.04390073480865825
0.04435774673744958
0.0346298296686369
0.03878119431858684
0.02332471578590856
0.04479843327660434
0.03386641641862834
0.027909034031220345
0.04117667402597423
0.042548966059342275
0.03708323394916952
0.04241840493180962
0.04241840493180962
0.042548966059342275
0.04011632394007047
0.041744034279685024
0.042548966059342275
0.04241840493180962
0.042548966059342275
0.04563522246235081
0.042548966059342275
0.04479843327660434
0.042548966059342275
0.042548966059342275
0.042548966059342275
0.04563522246235081
0.04563522246235081
0.042548966059342275
0.04241840493180962
0.04042869281227113
0.042548966059342275
0.017022194489989345
0.030229205805405557
0.027476080435858502
0.03995712287421824
0.013472798563617184
0.027476080435858502
0.04103066153584892
0.0270273796636076
0.04573594066589199
0.04424507096422227
0.037481265609476754
0.029871560143245886
0.026561742840080057
0.04073334807908286
0.04593494355136524
0.04593494355136524
0.03624644476342306
0.04435774673744958
0.04776613642712997
0.03386641641862834
0.0205715904163615
0.0346298296686369
0.032181359565901575
0.03332990095952681
0.03276899021532917
0.042018221372758346
0.04117667402597423
0.023926684509486346
0.03305263285472124
0.04593494355136524
0.03412617151635191
0.03534874629547696
0.031243852176613924
0.038240761440364396
0.03979584068979521
0.03979584068979521
0.03708323394916952
0.03979584068979521
0.03979584068979521
0.038240761440364396
0.03979584068979521
0.038240761440364396
0.03487415273005501
0.038240761440364396
0.03979584068979521
0.03487415273005501
0.03979584068979521
0.03979584068979521
0.03979584068979521
0.03979584068979521
0.03487415273005501
0.038240761440364396
0.03247867302266763
0.03091482170644872
0.03878119431858684
0.03187670429908984
0.03386641641862834
0.03276899021532917
0.026077841155455618
0.029123578929542787
0.04354651206548785
0.036879296885898964
0.042018221372758346
0.0346298296686369
0.03667193214892455
0.022024787076798467
0.05279705947740354
0.043665719866442625
0.046130787527157865
0.03187670429908984
0.03156433542688918
0.0446897285080517
0.04318181818181818
0.04318181818181818
0.03332990095952681
0.04073334807908286
0.040581960763598005
0.037283854815291305
0.03332990095952681
0.030576775589979757
0.030229205805405557
0.037481265609476754
0.04228644740210043
0.04088290035159301
0.04188188947270809
0.046033254122658046
0.05173380669499947
0.03557936817678888
0.03557936817678888
0.03557936817678888
0.03557936817678888
0.03557936817678888
0.03557936817678888
0.03667193214892455
0.03557936817678888
0.03557936817678888
0.03667193214892455
0.03557936817678888
0.03602806894903979
0.03557936817678888
0.03557936817678888
0.03667193214892455
0.03557936817678888
0.031243852176613924
0.05029602279286632
0.04715565586367149
0.05760954180954064
0.0426781600295332
0.03842354865642717
0.0426781600295332
0.04027349691166027
0.033601074763681085
0.03624644476342306
0.0426781600295332
0.039298944889785685
0.026561742840080057
0.03767556744272407
0.03305263285472124
0.04776613642712997
0.03602806894903979
0.04458005746222107
0.025574183003170627
0.041744034279685024
0.03946681021963001
0.039298944889785685
0.04011632394007047
0.0346298296686369
0.027476080435858502
0.030229205805405557
0.03708323394916952
0.04103066153584892
0.04103066153584892
0.03895620308861009
0.04632357131531957
0.03511373135326134
0.03412617151635191
0.0512942417331754
0.039128764103161046
0.028731866302110023
0.039632422255446026
0.018924091922677216
0.03842354865642717
0.030229205805405557
0.027476080435858502
0.04890332739546737
0.03602806894903979
0.04305781802833949
0.04305781802833949
0.038240761440364396
0.030576775589979757
0.03946681021963001
0.037481265609476754
0.03247867302266763
0.029871560143245886
0.029871560143245886
0.03187670429908984
0.039128764103161046
0.03995712287421824
0.04424507096422227
0.03247867302266763
0.03332990095952681
0.03557936817678888
0.03646102254440163
0.03386641641862834
0.03995712287421824
0.038055225441530366
0.029871560143245886
0.040581960763598005
0.039632422255446026
0.042806015178018325
0.039632422255446026
0.042806015178018325
0.04146361513121075
0.025574183003170627
0.038055225441530366
0.04378378690539597
0.028327308372717682
0.028327308372717682
0.022024787076798467
0.04305781802833949
0.03305263285472124
0.027909034031220345
0.031243852176613924
0.03602806894903979
0.027909034031220345
0.031243852176613924
0.049209875125112434
0.031243852176613924
0.03767556744272407
0.03767556744272407
0.03602806894903979
0.03708323394916952
0.03580575822426829
0.03386641641862834
0.04330458448246144
0.033601074763681085
0.03580575822426829
0.03580575822426829
0.03767556744272407
0.0483478292029765
0.039632422255446026
0.03412617151635191
0.03895620308861009
0.03667193214892455
0.038240761440364396
0.04132097872851045
0.03624644476342306
0.040581960763598005
0.02269186366343264
0.03386641641862834
0.0250490862504998
0.04293255896853679
0.04293255896853679
0.040581960763598005
0.03995712287421824
0.04027349691166027
0.039632422255446026
0.033601074763681085
0.03946681021963001
0.039632422255446026
0.036879296885898964
0.04768075261634233
0.028731866302110023
0.0378668567228084
0.04401658459332983
0.023926684509486346
0.04132097872851045
0.04378378690539597
0.03708323394916952
0.03247867302266763
0.033601074763681085
0.05116572066044681
0.05116572066044681
0.04011632394007047
0.037283854815291305
0.04088290035159301
0.039298944889785685
0.03624644476342306
0.03487415273005501
0.040581960763598005
0.027476080435858502
0.044131356689970175
0.03767556744272407
0.027476080435858502
0.04622755595590536
0.03767556744272407
0.031243852176613924
0.028327308372717682
0.0205715904163615
0.028327308372717682
0.028327308372717682
0.028327308372717682
0.03624644476342306
0.04228644740210043
0.03767556744272407
0.038240761440364396
0.045533675293080965
0.0213195716300646
0.041744034279685024
0.03386641641862834
0.03305263285472124
0.03305263285472124
0.032181359565901575
0.013472798563617184
0.04146361513121075
0.04160462136790252
0.04146361513121075
0.0250490862504998
0.04390073480865825
0.03860366735049021
0.028327308372717682
0.032181359565901575
0.03767556744272407
0.03624644476342306
0.006220738759545991
0.04354651206548785
0.04776613642712997
0.03602806894903979
0.04188188947270809
0.0378668567228084
0.0378668567228084
0.03646102254440163
0.038055225441530366
0.03305263285472124
0.03276899021532917
0.04330458448246144
0.029871560143245886
0.0343805704553555
0.03386641641862834
0.03386641641862834
0.03878119431858684
0.041744034279685024
0.05209850057866913
0.04103066153584892
0.037481265609476754
0.04160462136790252
0.03580575822426829
0.0426781600295332
0.03624644476342306
0.037283854815291305
0.03895620308861009
0.03156433542688918
0.030576775589979757
0.03187670429908984
0.03156433542688918
0.041744034279685024
0.04132097872851045
0.041744034279685024
0.041744034279685024
0.026077841155455618
0.04011632394007047
0.04042869281227113
0.032181359565901575
0.032181359565901575
0.05443748145158342
0.03624644476342306
0.03602806894903979
0.03091482170644872
0.048668312453251754
0.029871560143245886
0.04390073480865825
0.04188188947270809
0.048668312453251754
0.03511373135326134
0.027476080435858502
0.027476080435858502
0.029871560143245886
0.029871560143245886
0.029871560143245886
0.029871560143245886
0.03487415273005501
0.03487415273005501
0.03332990095952681
0.037481265609476754
0.046700330709292213
0.030229205805405557
0.03487415273005501
0.03767556744272407
0.0270273796636076
0.03511373135326134
0.03187670429908984
0.03487415273005501
0.03305263285472124
0.0346298296686369
0.0346298296686369
0.0346298296686369
0.0346298296686369
0.03580575822426829
0.0346298296686369
0.0346298296686369
0.0346298296686369
0.0346298296686369
0.04011632394007047
0.0250490862504998
0.02950323692834908
0.02269186366343264
0.025574183003170627
0.05227688312815494
0.02269186366343264
0.018924091922677216
0.030229205805405557
0.031243852176613924
0.03602806894903979
0.03580575822426829
0.04117667402597423
